start,duration,count
0,1,1
1,1,1
2,1,1
3,1,1
4,1,1
5,1,1
6,1,1
7,1,1
8,1,0
9,1,0
10,1,1
11,1,0
12,1,0
13,1,1
14,1,1
15,1,1
16,1,1
17,1,2
18,1,1
19,1,1
20,1,1
21,1,1
22,1,1
23,1,1
24,1,1
25,1,1
26,1,1
27,1,1
28,1,1
29,1,1
30,1,1
31,1,1
32,1,1
33,1,1
34,1,1
35,1,0
36,1,0
37,1,0
38,1,1
39,1,1
40,1,1
41,1,1
42,1,1
43,1,1
44,1,1
45,1,1
46,1,0
47,1,0
48,1,0
49,1,1
50,1,1
51,1,1
52,1,1
53,1,1
54,1,1
55,1,1
56,1,1
57,1,1
58,1,1
59,1,1
60,1,1
61,1,1
62,1,0
63,1,1
64,1,1
65,1,2
66,1,0
67,1,1
68,1,1
69,1,1
70,1,1
71,1,1
72,1,1
73,1,2
74,1,1
75,1,1
76,1,1
77,1,1
78,1,1
79,1,0
80,1,0
81,1,1
82,1,1
83,1,1
84,1,1
85,1,1
86,1,0
87,1,0
88,1,1
89,1,1
90,1,0
91,1,0
92,1,0
93,1,1
94,1,1
95,1,1
96,1,1
97,1,1
98,1,0
99,1,1
100,1,1
101,1,1
102,1,1
103,1,0
104,1,0
105,1,0
106,1,0
107,1,1
108,1,3
109,1,1
110,1,1
111,1,1
112,1,1
113,1,1
114,1,1
115,1,1
116,1,0
117,1,0
118,1,0
119,1,1
120,1,1
121,1,1
122,1,0
123,1,1
124,1,1
125,1,1
126,1,0
127,1,1
128,1,1
129,1,1
130,1,1
131,1,1
132,1,1
133,1,1
134,1,1
135,1,1
136,1,1
137,1,1
138,1,0
139,1,0
140,1,1
141,1,1
142,1,1
143,1,1
144,1,1
145,1,1
146,1,1
147,1,0
148,1,0
149,1,1
150,1,0
151,1,1
152,1,1
153,1,1
154,1,0
155,1,0
156,1,0
157,1,1
158,1,0
159,1,0
160,1,1
161,1,0
162,1,1
163,1,1
164,1,1
165,1,1
166,1,1
167,1,1
168,1,1
169,1,1
170,1,1
171,1,0
172,1,1
173,1,1
174,1,1
175,1,1
176,1,1
177,1,0
178,1,1
179,1,1
180,1,0
181,1,0
182,1,1
183,1,0
184,1,1
185,1,1
186,1,0
187,1,1
188,1,1
189,1,1
190,1,1
191,1,0
192,1,0
193,1,1
194,1,0
195,1,1
196,1,1
197,1,1
198,1,1
199,1,1
200,1,1
201,1,0
202,1,1
203,1,1
204,1,1
205,1,1
206,1,1
207,1,0
208,1,0
209,1,1
210,1,1
211,1,1
212,1,1
213,1,1
214,1,0
215,1,1
216,1,2
217,1,3
218,1,1
219,1,1
220,1,1
221,1,1
222,1,1
223,1,1
224,1,0
225,1,1
226,1,0
227,1,0
228,1,1
229,1,1
230,1,0
231,1,0
232,1,1
233,1,1
234,1,1
235,1,1
236,1,0
237,1,1
238,1,1
239,1,1
240,1,1
241,1,1
242,1,1
243,1,1
244,1,1
245,1,0
246,1,0
247,1,1
248,1,0
249,1,0
250,1,1
251,1,0
252,1,0
253,1,1
254,1,0
255,1,0
256,1,1
257,1,1
258,1,0
259,1,0
260,1,0
261,1,0
262,1,0
263,1,0
264,1,1
265,1,0
266,1,0
267,1,1
268,1,0
269,1,0
270,1,1
271,1,0
272,1,0
273,1,1
274,1,1
275,1,0
276,1,0
277,1,0
278,1,0
279,1,0
280,1,1
281,1,1
282,1,1
283,1,1
284,1,1
285,1,1
286,1,0
287,1,0
288,1,1
289,1,0
290,1,1
291,1,1
292,1,1
293,1,0
294,1,0
295,1,0
296,1,1
297,1,1
298,1,1
299,1,0
300,1,1
301,1,1
302,1,0
303,1,1
304,1,1
305,1,1
306,1,1
307,1,0
308,1,0
309,1,1
310,1,1
311,1,0
312,1,0
313,1,0
314,1,0
315,1,1
316,1,0
317,1,0
318,1,1
319,1,0
320,1,0
321,1,1
322,1,1
323,1,1
324,1,0
325,1,0
326,1,0
327,1,1
328,1,0
329,1,0
330,1,1
331,1,1
332,1,1
333,1,0
334,1,0
335,1,1
336,1,1
337,1,0
338,1,0
339,1,0
340,1,0
341,1,0
342,1,1
343,1,1
344,1,1
345,1,0
346,1,1
347,1,1
348,1,1
349,1,1
350,1,1
351,1,1
352,1,1
353,1,0
354,1,0
355,1,0
356,1,1
357,1,1
358,1,0
359,1,0
360,1,0
361,1,1
362,1,0
363,1,0
364,1,1
365,1,1
366,1,0
367,1,0
368,1,1
369,1,1
370,1,1
371,1,1
372,1,1
373,1,1
374,1,1
375,1,1
376,1,0
377,1,1
378,1,1
379,1,1
380,1,1
381,1,0
382,1,0
383,1,1
384,1,1
385,1,1
386,1,0
387,1,0
388,1,0
389,1,0
390,1,1
391,1,1
392,1,1
393,1,0
394,1,0
395,1,0
396,1,1
397,1,1
398,1,1
399,1,1
400,1,1
401,1,1
402,1,0
403,1,0
404,1,1
405,1,1
406,1,1
407,1,0
408,1,0
409,1,0
410,1,0
411,1,1
412,1,1
413,1,0
414,1,0
415,1,1
416,1,1
417,1,1
418,1,0
419,1,0
420,1,1
421,1,1
422,1,1
423,1,0
424,1,0
425,1,1
426,1,1
427,1,1
428,1,1
429,1,0
430,1,0
431,1,1
432,1,0
433,1,1
434,1,0
435,1,0
436,1,1
437,1,1
438,1,1
439,1,1
440,1,1
441,1,0
442,1,0
443,1,0
444,1,0
445,1,1
446,1,1
447,1,1
448,1,1
449,1,0
450,1,0
451,1,1
452,1,1
453,1,1
454,1,0
455,1,0
456,1,0
457,1,0
458,1,0
459,1,1
460,1,1
461,1,1
462,1,1
463,1,1
464,1,1
465,1,1
466,1,0
467,1,0
468,1,1
469,1,1
470,1,1
471,1,1
472,1,1
473,1,0
474,1,0
475,1,1
476,1,1
477,1,0
478,1,0
479,1,1
480,1,0
481,1,1
482,1,1
483,1,1
484,1,1
485,1,1
486,1,0
487,1,0
488,1,0
489,1,1
490,1,1
491,1,1
492,1,1
493,1,1
494,1,1
495,1,1
496,1,0
497,1,0
498,1,1
499,1,1
500,1,1
501,1,1
502,1,1
503,1,0
504,1,1
505,1,1
506,1,1
507,1,1
508,1,1
509,1,1
510,1,0
511,1,1
512,1,1
513,1,1
514,1,0
515,1,0
516,1,0
517,1,1
518,1,0
519,1,1
520,1,0
521,1,1
522,1,1
523,1,1
524,1,1
525,1,1
526,1,0
527,1,0
528,1,2
529,1,1
530,1,0
531,1,1
532,1,1
533,1,1
534,1,1
535,1,1
536,1,1
537,1,1
538,1,0
539,1,0
540,1,1
541,1,1
542,1,1
543,1,1
544,1,1
545,1,1
546,1,1
547,1,1
548,1,1
549,1,1
550,1,1
551,1,0
552,1,1
553,1,1
554,1,0
555,1,0
556,1,1
557,1,0
558,1,0
559,1,0
560,1,1
561,1,1
562,1,1
563,1,1
564,1,1
565,1,1
566,1,1
567,1,1
568,1,1
569,1,0
570,1,0
571,1,1
572,1,0
573,1,0
574,1,1
575,1,0
576,1,1
577,1,1
578,1,1
579,1,1
580,1,1
581,1,1
582,1,1
583,1,1
584,1,1
585,1,1
586,1,1
587,1,1
588,1,1
589,1,1
590,1,1
591,1,1
592,1,1
593,1,1
594,1,2
595,1,1
596,1,1
597,1,1
598,1,1
599,1,1
600,1,1
601,1,1
602,1,0
603,1,0
604,1,1
605,1,1
606,1,2
607,1,1
608,1,1
609,1,0
610,1,0
611,1,2
612,1,1
613,1,1
614,1,1
615,1,1
616,1,0
617,1,1
618,1,2
619,1,1
620,1,0
621,1,0
622,1,0
623,1,0
624,1,0
625,1,0
626,1,1
627,1,0
628,1,0
629,1,1
630,1,1
631,1,0
632,1,1
633,1,1
634,1,1
635,1,1
636,1,1
637,1,1
638,1,1
639,1,1
640,1,1
641,1,0
642,1,0
643,1,1
644,1,1
645,1,1
646,1,0
647,1,0
648,1,1
649,1,1
650,1,1
651,1,1
652,1,1
653,1,1
654,1,1
655,1,2
656,1,1
657,1,1
658,1,0
659,1,1
660,1,2
661,1,0
662,1,0
663,1,2
664,1,1
665,1,1
666,1,1
667,1,0
668,1,0
669,1,1
670,1,1
671,1,1
672,1,1
673,1,1
674,1,0
675,1,0
676,1,1
677,1,0
678,1,0
679,1,0
680,1,1
681,1,1
682,1,1
683,1,0
684,1,0
685,1,0
686,1,1
687,1,1
688,1,1
689,1,1
690,1,1
691,1,1
692,1,1
693,1,0
694,1,0
695,1,0
696,1,1
697,1,1
698,1,1
699,1,2
700,1,1
701,1,1
702,1,1
703,1,1
704,1,1
705,1,0
706,1,1
707,1,1
708,1,1
709,1,1
710,1,1
711,1,1
712,1,1
713,1,1
714,1,1
715,1,1
716,1,1
717,1,1
718,1,1
719,1,0
720,1,1
721,1,0
722,1,0
723,1,1
724,1,1
725,1,1
726,1,1
727,1,1
728,1,0
729,1,1
730,1,2
731,1,1
732,1,0
733,1,0
734,1,1
735,1,0
736,1,0
737,1,1
738,1,1
739,1,0
740,1,0
741,1,0
742,1,1
743,1,1
744,1,1
745,1,1
746,1,1
747,1,1
748,1,1
749,1,1
750,1,1
751,1,1
752,1,1
753,1,3
754,1,1
755,1,1
756,1,0
757,1,0
758,1,0
759,1,1
760,1,1
761,1,1
762,1,1
763,1,0
764,1,0
765,1,1
766,1,0
767,1,0
768,1,1
769,1,1
770,1,1
771,1,0
772,1,0
773,1,1
774,1,1
775,1,1
776,1,1
777,1,1
778,1,1
779,1,1
780,1,1
781,1,1
782,1,1
783,1,0
784,1,0
785,1,0
786,1,0
787,1,1
788,1,1
789,1,1
790,1,1
791,1,1
792,1,1
793,1,1
794,1,1
795,1,1
796,1,1
797,1,1
798,1,1
799,1,1
800,1,1
801,1,2
802,1,1
803,1,1
804,1,0
805,1,0
806,1,2
807,1,2
808,1,1
809,1,1
810,1,2
811,1,0
812,1,1
813,1,0
814,1,0
815,1,0
816,1,1
817,1,1
818,1,2
819,1,0
820,1,1
821,1,1
822,1,1
823,1,1
824,1,1
825,1,0
826,1,1
827,1,1
828,1,1
829,1,1
830,1,1
831,1,1
832,1,1
833,1,1
834,1,0
835,1,0
836,1,1
837,1,1
838,1,0
839,1,0
840,1,1
841,1,0
842,1,1
843,1,1
844,1,1
845,1,0
846,1,0
847,1,1
848,1,1
849,1,2
850,1,1
851,1,1
852,1,3
853,1,1
854,1,2
855,1,1
856,1,1
857,1,1
858,1,2
859,1,1
860,1,1
861,1,1
862,1,2
863,1,1
864,1,1
865,1,1
866,1,1
867,1,2
868,1,1
869,1,0
870,1,0
871,1,1
872,1,1
873,1,1
874,1,1
875,1,1
876,1,1
877,1,1
878,1,1
879,1,1
880,1,0
881,1,0
882,1,1
883,1,1
884,1,1
885,1,1
886,1,1
887,1,1
888,1,1
889,1,1
890,1,1
891,1,0
892,1,1
893,1,0
894,1,0
895,1,1
896,1,1
897,1,1
898,1,1
899,1,1
900,1,1
901,1,1
902,1,0
903,1,0
904,1,0
905,1,1
906,1,1
907,1,1
908,1,1
909,1,0
910,1,0
911,1,1
912,1,0
913,1,0
914,1,0
915,1,0
916,1,1
917,1,0
918,1,0
919,1,0
920,1,1
921,1,1
922,1,1
923,1,1
924,1,0
925,1,0
926,1,0
927,1,1
928,1,1
929,1,0
930,1,0
931,1,0
932,1,1
933,1,1
934,1,1
935,1,0
936,1,0
937,1,0
938,1,1
939,1,1
940,1,0
941,1,0
942,1,1
943,1,1
944,1,1
945,1,1
946,1,1
947,1,1
948,1,1
949,1,1
950,1,1
951,1,1
952,1,1
953,1,0
954,1,1
955,1,1
956,1,1
957,1,1
958,1,0
959,1,0
960,1,0
961,1,0
962,1,1
963,1,1
964,1,0
965,1,1
966,1,1
967,1,1
968,1,1
969,1,1
970,1,1
971,1,0
972,1,0
973,1,1
974,1,1
975,1,1
976,1,1
977,1,0
978,1,1
979,1,0
980,1,1
981,1,0
982,1,0
983,1,0
984,1,1
985,1,1
986,1,1
987,1,1
988,1,0
989,1,0
990,1,1
991,1,1
992,1,1
993,1,1
994,1,1
995,1,1
996,1,0
997,1,1
998,1,1
999,1,1
1000,1,0
1001,1,0
1002,1,1
1003,1,1
1004,1,1
1005,1,1
1006,1,0
1007,1,0
1008,1,1
1009,1,0
1010,1,0
1011,1,0
1012,1,1
1013,1,1
1014,1,1
1015,1,1
1016,1,0
1017,1,0
1018,1,0
1019,1,1
1020,1,1
1021,1,1
1022,1,1
1023,1,1
1024,1,0
1025,1,0
1026,1,1
1027,1,0
1028,1,1
1029,1,1
1030,1,1
1031,1,1
1032,1,1
1033,1,0
1034,1,0
1035,1,1
1036,1,0
1037,1,1
1038,1,1
1039,1,1
1040,1,0
1041,1,1
1042,1,1
1043,1,1
1044,1,1
1045,1,1
1046,1,1
1047,1,0
1048,1,0
1049,1,1
1050,1,1
1051,1,0
1052,1,0
1053,1,0
1054,1,0
1055,1,1
1056,1,0
1057,1,0
1058,1,1
1059,1,1
1060,1,1
1061,1,1
1062,1,0
1063,1,0
1064,1,1
1065,1,0
1066,1,1
1067,1,1
1068,1,0
1069,1,1
1070,1,1
1071,1,0
1072,1,1
1073,1,0
1074,1,0
1075,1,1
1076,1,0
1077,1,0
1078,1,1
1079,1,0
1080,1,1
1081,1,0
1082,1,0
1083,1,0
1084,1,0
1085,1,0
1086,1,1
1087,1,0
1088,1,0
1089,1,1
1090,1,1
1091,1,1
1092,1,0
1093,1,0
1094,1,1
1095,1,1
1096,1,1
1097,1,0
1098,1,1
1099,1,0
1100,1,0
1101,1,1
1102,1,1
1103,1,1
1104,1,1
1105,1,1
1106,1,1
1107,1,1
1108,1,0
1109,1,0
1110,1,0
1111,1,1
1112,1,0
1113,1,0
1114,1,0
1115,1,1
1116,1,1
1117,1,0
1118,1,0
1119,1,1
1120,1,1
1121,1,0
1122,1,0
1123,1,0
1124,1,1
1125,1,0
1126,1,1
1127,1,1
1128,1,0
1129,1,0
1130,1,0
1131,1,1
1132,1,1
1133,1,1
1134,1,1
1135,1,0
1136,1,1
1137,1,1
1138,1,0
1139,1,0
1140,1,0
1141,1,0
1142,1,1
1143,1,1
1144,1,1
1145,1,1
1146,1,1
1147,1,0
1148,1,1
1149,1,1
1150,1,1
1151,1,0
1152,1,0
1153,1,1
1154,1,0
1155,1,0
1156,1,0
1157,1,1
1158,1,0
1159,1,0
1160,1,1
1161,1,1
1162,1,1
1163,1,1
1164,1,1
1165,1,1
1166,1,1
1167,1,1
1168,1,1
1169,1,1
1170,1,1
1171,1,1
1172,1,0
1173,1,1
1174,1,1
1175,1,0
1176,1,0
1177,1,2
1178,1,2
1179,1,2
1180,1,1
1181,1,1
1182,1,1
1183,1,1
1184,1,2
1185,1,1
1186,1,1
1187,1,1
1188,1,1
1189,1,2
1190,1,1
1191,1,1
1192,1,1
1193,1,1
1194,1,1
1195,1,1
1196,1,0
1197,1,0
1198,1,1
1199,1,0
1200,1,1
1201,1,1
1202,1,1
1203,1,1
1204,1,1
1205,1,1
1206,1,1
1207,1,1
1208,1,1
1209,1,1
1210,1,1
1211,1,1
1212,1,1
1213,1,1
1214,1,1
1215,1,1
1216,1,1
1217,1,1
1218,1,1
1219,1,0
1220,1,0
1221,1,1
1222,1,1
1223,1,1
1224,1,0
1225,1,0
1226,1,0
1227,1,1
1228,1,0
1229,1,1
1230,1,1
1231,1,1
1232,1,1
1233,1,1
1234,1,1
1235,1,1
1236,1,1
1237,1,0
1238,1,0
1239,1,1
1240,1,0
1241,1,0
1242,1,0
1243,1,1
1244,1,2
1245,1,2
1246,1,1
1247,1,1
1248,1,1
1249,1,1
1250,1,0
1251,1,0
1252,1,1
1253,1,1
1254,1,1
1255,1,1
1256,1,1
1257,1,1
1258,1,1
1259,1,1
1260,1,0
1261,1,1
1262,1,1
1263,1,0
1264,1,0
1265,1,1
1266,1,0
1267,1,0
1268,1,1
1269,1,0
1270,1,1
1271,1,0
1272,1,0
1273,1,0
1274,1,0
1275,1,0
1276,1,1
1277,1,1
1278,1,1
1279,1,1
1280,1,1
1281,1,0
1282,1,1
1283,1,1
1284,1,1
1285,1,0
1286,1,1
1287,1,1
1288,1,1
1289,1,0
1290,1,1
1291,1,0
1292,1,0
1293,1,0
1294,1,1
1295,1,1
1296,1,1
1297,1,1
1298,1,1
1299,1,1
1300,1,1
1301,1,1
1302,1,1
1303,1,1
1304,1,1
1305,1,0
1306,1,0
1307,1,1
1308,1,1
1309,1,0
1310,1,0
1311,1,0
1312,1,1
1313,1,1
1314,1,1
1315,1,1
1316,1,1
1317,1,1
1318,1,1
1319,1,0
1320,1,0
1321,1,0
1322,1,1
1323,1,1
1324,1,1
1325,1,0
1326,1,1
1327,1,1
1328,1,1
1329,1,1
1330,1,1
1331,1,1
1332,1,1
1333,1,1
1334,1,1
1335,1,1
1336,1,1
1337,1,1
1338,1,1
1339,1,0
1340,1,0
1341,1,1
1342,1,1
1343,1,1
1344,1,1
1345,1,1
1346,1,1
1347,1,1
1348,1,0
1349,1,0
1350,1,0
1351,1,1
1352,1,1
1353,1,0
1354,1,0
1355,1,1
1356,1,1
1357,1,1
1358,1,1
1359,1,1
1360,1,1
1361,1,1
1362,1,0
1363,1,0
1364,1,1
1365,1,0
1366,1,0
1367,1,1
1368,1,1
1369,1,1
1370,1,1
1371,1,1
1372,1,1
1373,1,0
1374,1,0
1375,1,1
1376,1,1
1377,1,1
1378,1,1
1379,1,1
1380,1,1
1381,1,0
1382,1,1
1383,1,0
1384,1,1
1385,1,0
1386,1,0
1387,1,1
1388,1,0
1389,1,0
1390,1,1
1391,1,1
1392,1,1
1393,1,1
1394,1,0
1395,1,0
1396,1,0
1397,1,0
1398,1,0
1399,1,0
1400,1,1
1401,1,1
1402,1,1
1403,1,0
1404,1,0
1405,1,1
1406,1,0
1407,1,0
1408,1,1
1409,1,1
1410,1,1
1411,1,1
1412,1,1
1413,1,0
1414,1,0
1415,1,1
1416,1,2
1417,1,1
1418,1,1
1419,1,1
1420,1,1
1421,1,1
1422,1,0
1423,1,1
1424,1,1
1425,1,0
1426,1,0
1427,1,1
1428,1,1
1429,1,1
1430,1,1
1431,1,1
1432,1,1
1433,1,1
1434,1,1
1435,1,1
1436,1,1
1437,1,1
1438,1,1
1439,1,1
1440,1,0
1441,1,1
1442,1,1
1443,1,1
1444,1,1
1445,1,1
1446,1,0
1447,1,1
1448,1,1
1449,1,1
1450,1,1
1451,1,1
1452,1,1
1453,1,0
1454,1,0
1455,1,0
1456,1,0
1457,1,0
1458,1,1
1459,1,1
1460,1,1
1461,1,1
1462,1,1
1463,1,1
1464,1,0
1465,1,1
1466,1,0
1467,1,0
1468,1,0
1469,1,0
1470,1,1
1471,1,1
1472,1,1
1473,1,1
1474,1,1
1475,1,1
1476,1,1
1477,1,1
1478,1,1
1479,1,1
1480,1,1
1481,1,1
1482,1,0
1483,1,0
1484,1,0
1485,1,0
1486,1,1
1487,1,0
1488,1,0
1489,1,1
1490,1,0
1491,1,0
1492,1,0
1493,1,1
1494,1,0
1495,1,1
1496,1,1
1497,1,1
1498,1,1
1499,1,1
1500,1,0
1501,1,0
1502,1,0
1503,1,1
1504,1,0
1505,1,0
1506,1,0
1507,1,0
1508,1,0
1509,1,0
1510,1,1
1511,1,1
1512,1,1
1513,1,1
1514,1,1
1515,1,1
1516,1,0
1517,1,0
1518,1,1
1519,1,0
1520,1,1
1521,1,0
1522,1,0
1523,1,1
1524,1,0
1525,1,0
1526,1,1
1527,1,1
1528,1,2
1529,1,1
1530,1,1
1531,1,0
1532,1,1
1533,1,0
1534,1,0
1535,1,1
1536,1,0
1537,1,1
1538,1,1
1539,1,0
1540,1,1
1541,1,1
1542,1,0
1543,1,1
1544,1,2
1545,1,2
1546,1,0
1547,1,0
1548,1,1
1549,1,1
1550,1,1
1551,1,1
1552,1,1
1553,1,1
1554,1,1
1555,1,0
1556,1,1
1557,1,0
1558,1,0
1559,1,1
1560,1,1
1561,1,1
1562,1,2
1563,1,1
1564,1,0
1565,1,0
1566,1,1
1567,1,1
1568,1,1
1569,1,1
1570,1,1
1571,1,1
1572,1,1
1573,1,1
1574,1,1
1575,1,0
1576,1,1
1577,1,1
1578,1,0
1579,1,0
1580,1,1
1581,1,1
1582,1,1
1583,1,1
1584,1,1
1585,1,0
1586,1,0
1587,1,0
1588,1,0
1589,1,1
1590,1,1
1591,1,1
1592,1,1
1593,1,1
1594,1,1
1595,1,1
1596,1,0
1597,1,0
1598,1,0
1599,1,0
1600,1,1
1601,1,1
1602,1,1
1603,1,1
1604,1,1
1605,1,1
1606,1,1
1607,1,1
1608,1,1
1609,1,1
1610,1,1
1611,1,1
1612,1,0
1613,1,1
1614,1,1
1615,1,1
1616,1,0
1617,1,0
1618,1,1
1619,1,1
1620,1,1
1621,1,0
1622,1,0
1623,1,1
1624,1,1
1625,1,1
1626,1,1
1627,1,1
1628,1,1
1629,1,1
1630,1,1
1631,1,1
1632,1,1
1633,1,0
1634,1,1
1635,1,1
1636,1,1
1637,1,0
1638,1,0
1639,1,0
1640,1,1
1641,1,1
1642,1,1
1643,1,0
1644,1,0
1645,1,1
1646,1,0
1647,1,0
1648,1,1
1649,1,1
1650,1,1
1651,1,1
1652,1,0
1653,1,0
1654,1,0
1655,1,0
1656,1,1
1657,1,0
1658,1,0
1659,1,1
1660,1,1
1661,1,1
1662,1,1
1663,1,1
1664,1,1
1665,1,1
1666,1,1
1667,1,0
1668,1,0
1669,1,1
1670,1,1
1671,1,1
1672,1,1
1673,1,1
1674,1,0
1675,1,0
1676,1,1
1677,1,1
1678,1,0
1679,1,0
1680,1,0
1681,1,1
1682,1,0
1683,1,0
1684,1,1
1685,1,0
1686,1,0
1687,1,1
1688,1,0
1689,1,0
1690,1,0
1691,1,1
1692,1,0
1693,1,1
1694,1,0
1695,1,0
1696,1,1
1697,1,0
1698,1,1
1699,1,0
1700,1,0
1701,1,1
1702,1,1
1703,1,1
1704,1,1
1705,1,0
1706,1,0
1707,1,1
1708,1,0
1709,1,0
1710,1,1
1711,1,0
1712,1,1
1713,1,1
1714,1,1
1715,1,1
1716,1,1
1717,1,1
1718,1,0
1719,1,1
1720,1,1
1721,1,0
1722,1,1
1723,1,0
1724,1,1
1725,1,1
1726,1,1
1727,1,1
1728,1,1
1729,1,1
1730,1,1
1731,1,1
1732,1,0
1733,1,0
1734,1,0
1735,1,0
1736,1,1
1737,1,1
1738,1,0
1739,1,0
1740,1,1
1741,1,1
1742,1,1
1743,1,0
1744,1,0
1745,1,1
1746,1,1
1747,1,1
1748,1,1
1749,1,1
1750,1,0
1751,1,0
1752,1,1
1753,1,1
1754,1,1
1755,1,1
1756,1,0
1757,1,0
1758,1,0
1759,1,1
1760,1,0
1761,1,0
1762,1,1
1763,1,1
1764,1,1
1765,1,0
1766,1,0
1767,1,1
1768,1,0
1769,1,0
1770,1,1
1771,1,0
1772,1,1
1773,1,1
1774,1,1
1775,1,1
1776,1,0
1777,1,0
1778,1,1
1779,1,1
1780,1,0
1781,1,0
1782,1,1
1783,1,0
1784,1,0
1785,1,0
1786,1,0
1787,1,1
1788,1,1
1789,1,1
1790,1,1
1791,1,1
1792,1,1
1793,1,0
1794,1,1
1795,1,1
1796,1,1
1797,1,1
1798,1,0
1799,1,1
1800,1,1
1801,1,1
1802,1,0
1803,1,0
1804,1,0
1805,1,1
1806,1,0
1807,1,0
1808,1,1
1809,1,0
1810,1,0
1811,1,1
1812,1,1
1813,1,1
1814,1,1
1815,1,1
1816,1,1
1817,1,0
1818,1,1
1819,1,1
1820,1,1
1821,1,0
1822,1,1
1823,1,1
1824,1,0
1825,1,1
1826,1,1
1827,1,1
1828,1,1
1829,1,1
1830,1,0
1831,1,0
1832,1,1
1833,1,1
1834,1,1
1835,1,0
1836,1,1
1837,1,1
1838,1,1
1839,1,1
1840,1,1
1841,1,1
1842,1,1
1843,1,1
1844,1,0
1845,1,1
1846,1,1
1847,1,0
1848,1,1
1849,1,1
1850,1,1
1851,1,1
1852,1,0
1853,1,0
1854,1,1
1855,1,0
1856,1,0
1857,1,1
1858,1,1
1859,1,1
1860,1,1
1861,1,1
1862,1,1
1863,1,1
1864,1,1
1865,1,1
1866,1,0
1867,1,0
1868,1,0
1869,1,0
1870,1,1
1871,1,1
1872,1,1
1873,1,1
1874,1,0
1875,1,0
1876,1,0
1877,1,1
1878,1,0
1879,1,1
1880,1,1
1881,1,1
1882,1,0
1883,1,0
1884,1,0
1885,1,0
1886,1,1
1887,1,1
1888,1,1
1889,1,1
1890,1,0
1891,1,0
1892,1,1
1893,1,1
1894,1,1
1895,1,1
1896,1,1
1897,1,1
1898,1,1
1899,1,1
1900,1,1
1901,1,0
1902,1,1
1903,1,1
1904,1,0
1905,1,1
1906,1,1
1907,1,1
1908,1,1
1909,1,0
1910,1,0
1911,1,1
1912,1,1
1913,1,0
1914,1,1
1915,1,0
1916,1,0
1917,1,0
1918,1,1
1919,1,1
1920,1,0
1921,1,1
1922,1,1
1923,1,1
1924,1,1
1925,1,0
1926,1,0
1927,1,0
1928,1,1
1929,1,1
1930,1,1
1931,1,1
1932,1,1
1933,1,1
1934,1,1
1935,1,1
1936,1,1
1937,1,1
1938,1,0
1939,1,0
1940,1,0
1941,1,1
1942,1,1
1943,1,0
1944,1,1
1945,1,0
1946,1,0
1947,1,1
1948,1,0
1949,1,0
1950,1,0
1951,1,0
1952,1,1
1953,1,1
1954,1,0
1955,1,1
1956,1,1
1957,1,1
1958,1,1
1959,1,1
1960,1,1
1961,1,0
1962,1,0
1963,1,0
1964,1,1
1965,1,0
1966,1,0
1967,1,1
1968,1,1
1969,1,0
1970,1,1
1971,1,1
1972,1,1
1973,1,0
1974,1,0
1975,1,1
1976,1,0
1977,1,1
1978,1,1
1979,1,1
1980,1,1
1981,1,1
1982,1,1
1983,1,1
1984,1,0
1985,1,1
1986,1,1
1987,1,1
1988,1,1
1989,1,1
1990,1,0
1991,1,0
1992,1,0
1993,1,1
1994,1,1
1995,1,0
1996,1,0
1997,1,1
1998,1,0
1999,1,1
2000,1,1
2001,1,0
2002,1,0
2003,1,1
2004,1,1
2005,1,0
2006,1,1
2007,1,1
2008,1,1
2009,1,1
2010,1,1
2011,1,1
2012,1,1
2013,1,1
2014,1,0
2015,1,1
2016,1,0
2017,1,0
2018,1,0
2019,1,1
2020,1,1
2021,1,0
2022,1,0
2023,1,1
2024,1,1
2025,1,1
2026,1,1
2027,1,0
2028,1,0
2029,1,0
2030,1,1
2031,1,0
2032,1,0
2033,1,1
2034,1,1
2035,1,0
2036,1,0
2037,1,0
2038,1,1
2039,1,1
2040,1,1
2041,1,1
2042,1,1
2043,1,0
2044,1,1
2045,1,1
2046,1,1
2047,1,1
2048,1,1
2049,1,1
2050,1,1
2051,1,0
2052,1,1
2053,1,1
2054,1,0
2055,1,0
2056,1,1
2057,1,1
2058,1,1
2059,1,1
2060,1,0
2061,1,1
2062,1,0
2063,1,0
2064,1,1
2065,1,1
2066,1,1
2067,1,1
2068,1,0
2069,1,0
2070,1,1
2071,1,1
2072,1,1
2073,1,0
2074,1,1
2075,1,1
2076,1,0
2077,1,0
2078,1,1
2079,1,1
2080,1,1
2081,1,1
2082,1,0
2083,1,0
2084,1,1
2085,1,1
2086,1,0
2087,1,1
2088,1,1
2089,1,1
2090,1,1
2091,1,0
2092,1,0
2093,1,1
2094,1,1
2095,1,1
2096,1,1
2097,1,0
2098,1,1
2099,1,1
2100,1,1
2101,1,1
2102,1,1
2103,1,1
2104,1,1
2105,1,1
2106,1,0
2107,1,0
2108,1,1
2109,1,0
2110,1,0
2111,1,0
2112,1,1
2113,1,1
2114,1,1
2115,1,1
2116,1,1
2117,1,1
2118,1,0
2119,1,0
2120,1,1
2121,1,0
2122,1,0
2123,1,0
2124,1,0
2125,1,0
2126,1,0
2127,1,1
2128,1,1
2129,1,1
2130,1,0
2131,1,1
2132,1,1
2133,1,1
2134,1,1
2135,1,1
2136,1,0
2137,1,0
2138,1,0
2139,1,0
2140,1,1
2141,1,1
2142,1,1
2143,1,1
2144,1,1
2145,1,0
2146,1,1
2147,1,1
2148,1,1
2149,1,1
2150,1,1
2151,1,1
2152,1,1
2153,1,1
2154,1,1
2155,1,1
2156,1,1
2157,1,1
2158,1,1
2159,1,1
2160,1,1
2161,1,1
2162,1,0
2163,1,0
2164,1,1
2165,1,1
2166,1,1
2167,1,1
2168,1,1
2169,1,1
2170,1,1
2171,1,1
2172,1,2
2173,1,1
2174,1,1
2175,1,1
2176,1,3
2177,1,1
2178,1,1
2179,1,1
2180,1,1
2181,1,1
2182,1,1
2183,1,1
2184,1,1
2185,1,1
2186,1,1
2187,1,1
2188,1,1
2189,1,1
2190,1,1
2191,1,1
2192,1,1
2193,1,1
2194,1,1
2195,1,1
2196,1,1
2197,1,1
2198,1,1
2199,1,1
2200,1,1
2201,1,1
2202,1,1
2203,1,1
2204,1,1
2205,1,1
2206,1,1
2207,1,1
2208,1,1
2209,1,1
