start,duration,count
0,1,1
1,1,1
2,1,1
3,1,1
4,1,1
5,1,3
6,1,1
7,1,0
8,1,0
9,1,0
10,1,0
11,1,0
12,1,1
13,1,2
14,1,1
15,1,1
16,1,4
17,1,3
18,1,1
19,1,2
20,1,1
21,1,1
22,1,1
23,1,0
24,1,0
25,1,0
26,1,1
27,1,2
28,1,1
29,1,1
30,1,1
31,1,1
32,1,1
33,1,1
34,1,1
35,1,3
36,1,2
37,1,3
38,1,2
39,1,4
40,1,2
41,1,1
42,1,1
43,1,1
44,1,1
45,1,1
46,1,1
47,1,1
48,1,1
49,1,1
50,1,1
51,1,1
52,1,1
53,1,1
54,1,1
55,1,1
56,1,1
57,1,1
58,1,1
59,1,1
60,1,1
61,1,2
62,1,1
63,1,1
64,1,1
65,1,1
66,1,1
67,1,1
68,1,1
69,1,2
70,1,1
71,1,2
72,1,1
73,1,1
74,1,1
75,1,0
76,1,0
77,1,1
78,1,1
79,1,1
80,1,1
81,1,1
82,1,1
83,1,1
84,1,1
85,1,2
86,1,1
87,1,1
88,1,1
89,1,1
90,1,1
91,1,1
92,1,2
93,1,0
94,1,0
95,1,0
96,1,1
97,1,1
98,1,1
99,1,2
100,1,0
101,1,0
102,1,0
103,1,1
104,1,2
105,1,4
106,1,1
107,1,1
108,1,1
109,1,1
110,1,1
111,1,1
112,1,1
113,1,2
114,1,1
115,1,1
116,1,1
117,1,1
118,1,1
119,1,1
120,1,1
121,1,1
122,1,1
123,1,1
124,1,1
125,1,1
126,1,1
127,1,1
128,1,1
129,1,1
130,1,1
131,1,2
132,1,2
133,1,1
134,1,1
135,1,1
136,1,1
137,1,1
138,1,1
139,1,1
140,1,1
141,1,1
142,1,1
143,1,1
144,1,1
145,1,1
146,1,1
147,1,1
148,1,1
149,1,1
150,1,1
151,1,1
152,1,1
153,1,1
154,1,1
155,1,1
156,1,1
157,1,1
158,1,1
159,1,1
160,1,1
161,1,1
162,1,2
163,1,1
164,1,1
165,1,4
166,1,4
167,1,2
168,1,1
169,1,1
170,1,1
171,1,1
172,1,0
173,1,0
174,1,0
175,1,0
176,1,0
177,1,2
178,1,1
179,1,1
180,1,2
181,1,1
182,1,1
183,1,1
184,1,1
185,1,1
186,1,1
187,1,1
188,1,1
189,1,1
190,1,0
191,1,0
192,1,0
193,1,1
194,1,1
195,1,2
196,1,1
197,1,1
198,1,1
199,1,1
200,1,1
201,1,1
202,1,2
203,1,2
204,1,1
205,1,1
206,1,1
207,1,2
208,1,1
209,1,1
210,1,1
211,1,1
212,1,1
213,1,1
214,1,1
215,1,1
216,1,1
217,1,1
218,1,1
219,1,1
220,1,1
221,1,1
222,1,1
223,1,1
224,1,1
225,1,1
226,1,1
227,1,1
228,1,1
229,1,1
230,1,1
231,1,2
232,1,0
233,1,0
234,1,0
235,1,1
236,1,1
237,1,2
238,1,1
239,1,1
240,1,1
241,1,1
242,1,1
243,1,1
244,1,1
245,1,1
246,1,1
247,1,1
248,1,1
249,1,1
250,1,1
251,1,1
252,1,1
253,1,2
254,1,2
255,1,1
256,1,1
257,1,1
258,1,1
259,1,1
260,1,1
261,1,1
262,1,1
263,1,1
264,1,1
265,1,1
266,1,0
267,1,0
268,1,1
269,1,1
270,1,1
271,1,3
272,1,1
273,1,2
274,1,1
275,1,1
276,1,1
277,1,1
278,1,0
279,1,0
280,1,0
281,1,1
282,1,1
283,1,1
284,1,1
285,1,1
286,1,1
287,1,1
288,1,1
289,1,1
290,1,1
291,1,1
292,1,1
293,1,2
294,1,3
295,1,2
296,1,1
297,1,1
298,1,1
299,1,1
300,1,1
301,1,0
302,1,0
303,1,0
304,1,1
305,1,1
306,1,2
307,1,1
308,1,0
309,1,0
310,1,1
311,1,1
312,1,1
313,1,1
314,1,2
315,1,1
316,1,1
317,1,1
318,1,2
319,1,2
320,1,1
321,1,1
322,1,1
323,1,1
324,1,1
325,1,1
326,1,1
327,1,2
328,1,1
329,1,1
330,1,1
331,1,1
332,1,1
333,1,1
334,1,1
335,1,1
336,1,1
337,1,1
338,1,1
339,1,1
340,1,1
341,1,2
342,1,0
343,1,0
344,1,0
345,1,2
346,1,0
347,1,0
348,1,1
349,1,3
350,1,2
351,1,1
352,1,1
353,1,2
354,1,1
355,1,1
356,1,1
357,1,1
358,1,1
359,1,1
360,1,1
361,1,1
362,1,1
363,1,1
364,1,1
365,1,1
366,1,1
367,1,1
368,1,2
369,1,2
370,1,1
371,1,1
372,1,2
373,1,1
374,1,1
375,1,1
376,1,1
377,1,1
378,1,1
379,1,1
380,1,1
381,1,1
382,1,1
383,1,1
384,1,1
385,1,1
386,1,1
387,1,1
388,1,1
389,1,0
390,1,0
391,1,0
392,1,1
393,1,1
394,1,1
395,1,1
396,1,1
397,1,1
398,1,1
399,1,1
400,1,1
401,1,2
402,1,0
403,1,0
404,1,1
405,1,1
406,1,1
407,1,1
408,1,1
409,1,1
410,1,1
411,1,1
412,1,1
413,1,1
414,1,1
415,1,1
416,1,2
417,1,1
418,1,1
419,1,1
420,1,2
421,1,0
422,1,0
423,1,0
424,1,0
425,1,1
426,1,1
427,1,1
428,1,1
429,1,1
430,1,1
431,1,1
432,1,1
433,1,2
434,1,1
435,1,2
436,1,1
437,1,1
438,1,1
439,1,1
440,1,0
441,1,0
442,1,0
443,1,1
444,1,1
445,1,1
446,1,1
447,1,3
448,1,1
449,1,1
450,1,3
451,1,2
452,1,1
453,1,1
454,1,1
455,1,2
456,1,1
457,1,1
458,1,1
459,1,1
460,1,1
461,1,2
462,1,2
463,1,1
464,1,2
465,1,1
466,1,1
467,1,1
468,1,1
469,1,1
470,1,1
471,1,1
472,1,3
473,1,1
474,1,1
475,1,1
476,1,1
477,1,1
478,1,0
479,1,0
480,1,0
481,1,0
482,1,1
483,1,1
484,1,1
485,1,1
486,1,1
487,1,1
488,1,1
489,1,1
490,1,1
491,1,1
492,1,1
493,1,1
494,1,1
495,1,4
496,1,1
497,1,2
498,1,4
499,1,1
500,1,1
501,1,1
502,1,1
503,1,1
504,1,0
505,1,0
506,1,1
507,1,1
508,1,1
509,1,2
510,1,1
511,1,1
512,1,1
513,1,1
514,1,1
515,1,1
516,1,1
517,1,1
518,1,1
519,1,1
520,1,1
521,1,1
522,1,1
523,1,1
524,1,1
525,1,1
526,1,2
527,1,1
528,1,1
529,1,1
530,1,1
531,1,0
532,1,0
533,1,0
534,1,1
535,1,1
536,1,1
537,1,1
538,1,1
539,1,1
540,1,1
541,1,0
542,1,0
543,1,0
544,1,1
545,1,1
546,1,1
547,1,1
548,1,2
549,1,1
550,1,1
551,1,1
552,1,1
553,1,1
554,1,1
555,1,1
556,1,1
557,1,1
558,1,1
559,1,1
560,1,1
561,1,0
562,1,0
563,1,0
564,1,1
565,1,1
566,1,1
567,1,1
568,1,1
569,1,0
570,1,0
571,1,1
572,1,1
573,1,1
574,1,1
575,1,1
576,1,1
577,1,1
578,1,1
579,1,1
580,1,1
581,1,1
582,1,1
583,1,1
584,1,1
585,1,1
586,1,1
587,1,1
588,1,1
589,1,1
590,1,1
591,1,1
592,1,1
593,1,1
594,1,1
595,1,1
596,1,1
597,1,3
598,1,2
599,1,2
600,1,1
601,1,1
602,1,1
603,1,1
604,1,1
605,1,1
606,1,1
607,1,1
608,1,1
609,1,1
610,1,1
611,1,1
612,1,1
613,1,1
614,1,1
615,1,1
616,1,1
617,1,1
618,1,1
619,1,1
620,1,1
621,1,1
622,1,1
623,1,1
624,1,0
625,1,0
626,1,2
627,1,1
628,1,3
629,1,1
630,1,1
631,1,2
632,1,2
633,1,2
634,1,2
635,1,1
636,1,2
637,1,1
638,1,1
639,1,1
640,1,1
641,1,1
642,1,1
643,1,1
644,1,1
645,1,1
646,1,1
647,1,3
648,1,3
649,1,3
650,1,2
651,1,0
652,1,0
653,1,0
654,1,0
655,1,1
656,1,2
657,1,1
658,1,1
659,1,1
660,1,1
661,1,1
662,1,4
663,1,2
664,1,1
665,1,1
666,1,2
667,1,1
668,1,1
669,1,2
670,1,1
671,1,1
672,1,1
673,1,1
674,1,1
675,1,1
676,1,0
677,1,0
678,1,1
679,1,1
680,1,1
681,1,1
682,1,1
683,1,1
684,1,1
685,1,1
686,1,1
687,1,1
688,1,1
689,1,1
690,1,1
691,1,1
692,1,1
693,1,1
694,1,1
695,1,1
696,1,1
697,1,0
698,1,0
699,1,0
700,1,1
701,1,1
702,1,1
703,1,1
704,1,1
705,1,1
706,1,2
707,1,1
708,1,1
709,1,1
710,1,1
711,1,1
712,1,1
713,1,1
714,1,3
715,1,2
716,1,2
717,1,1
718,1,1
719,1,1
720,1,1
721,1,0
722,1,0
723,1,0
724,1,0
725,1,1
726,1,1
727,1,1
728,1,1
729,1,1
730,1,1
731,1,1
732,1,1
733,1,1
734,1,1
735,1,1
736,1,1
737,1,1
738,1,1
739,1,1
740,1,1
741,1,1
742,1,2
743,1,1
744,1,1
745,1,1
746,1,1
747,1,1
748,1,2
749,1,1
750,1,3
751,1,2
752,1,1
753,1,1
754,1,2
755,1,4
756,1,2
757,1,1
758,1,1
759,1,1
760,1,2
761,1,1
762,1,1
763,1,1
764,1,1
765,1,1
766,1,1
767,1,1
768,1,1
769,1,1
770,1,4
771,1,2
772,1,1
773,1,3
774,1,2
775,1,1
776,1,1
777,1,1
778,1,1
779,1,2
780,1,1
781,1,1
782,1,1
783,1,1
784,1,2
785,1,1
786,1,1
787,1,1
788,1,1
789,1,1
790,1,2
791,1,2
792,1,1
793,1,1
794,1,1
795,1,1
796,1,1
797,1,1
798,1,1
799,1,1
800,1,1
801,1,1
802,1,1
803,1,1
804,1,1
805,1,1
806,1,1
807,1,2
808,1,4
809,1,1
810,1,1
811,1,1
812,1,1
813,1,1
814,1,1
815,1,2
816,1,1
817,1,1
818,1,1
819,1,1
820,1,1
821,1,1
822,1,2
823,1,1
824,1,1
825,1,1
826,1,1
827,1,1
828,1,1
829,1,1
830,1,1
831,1,1
832,1,2
833,1,1
834,1,1
835,1,1
836,1,1
837,1,1
838,1,2
839,1,1
840,1,1
841,1,1
842,1,1
843,1,1
844,1,1
845,1,1
846,1,1
847,1,1
848,1,1
849,1,1
850,1,1
851,1,2
852,1,1
853,1,1
854,1,1
855,1,1
856,1,0
857,1,0
858,1,2
859,1,1
860,1,1
861,1,0
862,1,0
863,1,0
864,1,1
865,1,1
866,1,1
867,1,1
868,1,1
869,1,1
870,1,1
871,1,3
872,1,1
873,1,1
874,1,1
875,1,1
876,1,1
877,1,1
878,1,1
879,1,1
880,1,0
881,1,0
882,1,0
883,1,0
884,1,3
885,1,2
886,1,2
887,1,2
888,1,0
889,1,0
890,1,1
891,1,0
892,1,0
893,1,0
894,1,1
895,1,1
896,1,1
897,1,1
898,1,1
899,1,1
900,1,1
901,1,1
902,1,1
903,1,1
904,1,1
905,1,1
906,1,1
907,1,1
908,1,1
909,1,1
910,1,1
911,1,1
912,1,2
913,1,1
914,1,1
915,1,1
916,1,1
917,1,1
918,1,1
919,1,1
920,1,1
921,1,1
922,1,1
923,1,1
924,1,1
925,1,1
926,1,1
927,1,1
928,1,1
929,1,1
930,1,0
931,1,0
932,1,1
933,1,1
934,1,1
935,1,1
936,1,1
937,1,1
938,1,1
939,1,1
940,1,1
941,1,1
942,1,2
943,1,1
944,1,1
945,1,1
946,1,1
947,1,1
948,1,3
949,1,1
950,1,1
951,1,1
952,1,1
953,1,2
954,1,1
955,1,1
956,1,1
957,1,1
958,1,1
959,1,1
960,1,1
961,1,1
962,1,1
963,1,1
964,1,1
965,1,1
966,1,1
967,1,1
968,1,1
969,1,1
970,1,1
971,1,1
972,1,1
973,1,1
974,1,1
975,1,1
976,1,1
977,1,1
978,1,1
979,1,2
980,1,1
981,1,1
982,1,1
983,1,1
984,1,1
985,1,1
986,1,0
987,1,0
988,1,0
989,1,1
990,1,0
991,1,0
992,1,1
993,1,2
994,1,1
995,1,1
996,1,1
997,1,1
998,1,1
999,1,1
1000,1,1
1001,1,1
1002,1,1
1003,1,1
1004,1,1
1005,1,1
1006,1,1
1007,1,1
1008,1,1
1009,1,1
1010,1,1
1011,1,1
1012,1,2
1013,1,1
1014,1,1
1015,1,3
1016,1,4
1017,1,2
1018,1,0
1019,1,0
1020,1,0
1021,1,1
1022,1,1
1023,1,1
1024,1,2
1025,1,1
1026,1,1
1027,1,1
1028,1,1
1029,1,3
1030,1,2
1031,1,1
1032,1,1
1033,1,1
1034,1,1
1035,1,1
1036,1,0
1037,1,0
1038,1,1
1039,1,1
1040,1,1
1041,1,1
1042,1,1
1043,1,1
1044,1,1
1045,1,1
1046,1,1
1047,1,1
1048,1,1
1049,1,1
1050,1,0
1051,1,0
1052,1,0
1053,1,0
1054,1,1
1055,1,1
1056,1,1
1057,1,1
1058,1,1
1059,1,1
1060,1,1
1061,1,1
1062,1,0
1063,1,0
1064,1,1
1065,1,4
1066,1,1
1067,1,0
1068,1,0
1069,1,0
1070,1,0
1071,1,1
1072,1,1
1073,1,1
1074,1,1
1075,1,1
1076,1,1
1077,1,1
1078,1,1
1079,1,1
1080,1,0
1081,1,0
1082,1,1
1083,1,1
1084,1,1
1085,1,1
1086,1,1
1087,1,1
1088,1,1
1089,1,1
1090,1,1
1091,1,1
1092,1,1
1093,1,1
1094,1,2
1095,1,1
1096,1,1
1097,1,1
1098,1,1
1099,1,1
1100,1,1
1101,1,1
1102,1,1
1103,1,0
1104,1,0
1105,1,0
1106,1,2
1107,1,1
1108,1,1
1109,1,1
1110,1,2
1111,1,1
1112,1,1
1113,1,1
1114,1,1
1115,1,1
1116,1,1
1117,1,1
1118,1,1
1119,1,1
1120,1,1
1121,1,1
1122,1,1
1123,1,1
1124,1,1
1125,1,1
1126,1,1
1127,1,1
1128,1,1
1129,1,1
1130,1,1
1131,1,1
1132,1,1
1133,1,1
1134,1,0
1135,1,0
1136,1,1
1137,1,1
1138,1,1
1139,1,1
1140,1,1
1141,1,2
1142,1,1
1143,1,1
1144,1,1
1145,1,1
1146,1,1
1147,1,1
1148,1,1
1149,1,1
1150,1,1
1151,1,0
1152,1,0
1153,1,0
1154,1,1
1155,1,1
1156,1,1
1157,1,1
1158,1,1
1159,1,1
1160,1,1
1161,1,3
1162,1,1
1163,1,1
1164,1,1
1165,1,2
1166,1,1
1167,1,1
1168,1,1
1169,1,1
1170,1,1
1171,1,1
1172,1,1
1173,1,0
1174,1,0
1175,1,0
1176,1,1
1177,1,2
1178,1,1
1179,1,1
1180,1,2
1181,1,1
1182,1,1
1183,1,1
1184,1,1
1185,1,1
1186,1,1
1187,1,1
1188,1,2
1189,1,1
1190,1,1
1191,1,2
1192,1,1
1193,1,1
1194,1,1
1195,1,1
1196,1,1
1197,1,1
1198,1,1
1199,1,1
1200,1,3
1201,1,1
1202,1,1
1203,1,1
1204,1,1
1205,1,1
1206,1,1
1207,1,1
1208,1,2
1209,1,1
1210,1,1
1211,1,1
1212,1,1
1213,1,1
1214,1,1
1215,1,1
1216,1,1
1217,1,1
1218,1,1
1219,1,1
1220,1,1
1221,1,1
1222,1,2
1223,1,1
1224,1,1
1225,1,1
1226,1,1
1227,1,1
1228,1,1
1229,1,1
1230,1,1
1231,1,1
1232,1,1
1233,1,1
1234,1,1
1235,1,2
1236,1,1
1237,1,1
1238,1,1
1239,1,1
1240,1,1
1241,1,3
1242,1,1
1243,1,1
1244,1,1
1245,1,1
1246,1,1
1247,1,2
1248,1,1
1249,1,1
1250,1,1
1251,1,1
1252,1,1
1253,1,1
1254,1,1
1255,1,1
1256,1,1
1257,1,1
1258,1,1
1259,1,0
1260,1,0
1261,1,0
1262,1,0
1263,1,1
1264,1,1
1265,1,0
1266,1,0
1267,1,0
1268,1,0
1269,1,1
1270,1,1
1271,1,0
1272,1,0
1273,1,0
1274,1,1
1275,1,1
1276,1,1
1277,1,0
1278,1,0
1279,1,0
1280,1,1
1281,1,1
1282,1,1
1283,1,1
1284,1,1
1285,1,1
1286,1,3
1287,1,1
1288,1,1
1289,1,1
1290,1,1
1291,1,1
1292,1,1
1293,1,1
1294,1,1
1295,1,1
1296,1,0
1297,1,0
1298,1,0
1299,1,0
1300,1,1
1301,1,2
1302,1,2
1303,1,1
1304,1,1
1305,1,1
1306,1,1
1307,1,1
1308,1,1
1309,1,1
1310,1,1
1311,1,1
1312,1,1
1313,1,1
1314,1,1
1315,1,1
1316,1,1
1317,1,1
1318,1,1
1319,1,1
1320,1,1
1321,1,1
1322,1,1
1323,1,1
1324,1,1
1325,1,1
1326,1,1
1327,1,1
1328,1,1
1329,1,0
1330,1,0
1331,1,0
1332,1,1
1333,1,0
1334,1,0
1335,1,0
1336,1,1
1337,1,1
1338,1,1
1339,1,1
1340,1,1
1341,1,1
1342,1,1
1343,1,1
1344,1,1
1345,1,1
1346,1,1
1347,1,1
1348,1,1
1349,1,1
1350,1,1
1351,1,0
1352,1,0
1353,1,1
1354,1,1
1355,1,1
1356,1,1
1357,1,1
1358,1,1
1359,1,1
1360,1,1
1361,1,1
1362,1,1
1363,1,1
1364,1,1
1365,1,1
1366,1,1
1367,1,2
1368,1,1
1369,1,2
1370,1,2
1371,1,1
1372,1,1
1373,1,1
1374,1,1
1375,1,1
1376,1,1
1377,1,1
1378,1,1
1379,1,1
1380,1,1
1381,1,1
1382,1,2
1383,1,2
1384,1,4
1385,1,1
1386,1,2
1387,1,1
1388,1,4
1389,1,1
1390,1,1
1391,1,1
1392,1,2
1393,1,1
1394,1,2
1395,1,2
1396,1,3
1397,1,2
1398,1,1
1399,1,1
1400,1,2
1401,1,1
1402,1,1
1403,1,1
1404,1,2
1405,1,1
1406,1,1
1407,1,1
1408,1,1
1409,1,0
1410,1,0
1411,1,0
1412,1,0
1413,1,1
1414,1,2
1415,1,1
1416,1,2
1417,1,1
1418,1,1
1419,1,1
1420,1,1
1421,1,1
1422,1,1
1423,1,1
1424,1,2
1425,1,3
1426,1,1
1427,1,1
1428,1,1
1429,1,1
1430,1,1
1431,1,2
1432,1,1
1433,1,1
1434,1,1
1435,1,1
1436,1,1
1437,1,1
1438,1,1
1439,1,1
1440,1,1
1441,1,1
1442,1,1
1443,1,1
1444,1,3
1445,1,2
1446,1,3
1447,1,2
1448,1,1
1449,1,1
1450,1,2
1451,1,1
1452,1,2
1453,1,1
1454,1,1
1455,1,1
1456,1,1
1457,1,1
1458,1,1
1459,1,1
1460,1,2
1461,1,1
1462,1,1
1463,1,4
1464,1,2
1465,1,3
1466,1,2
1467,1,1
1468,1,1
1469,1,1
1470,1,1
1471,1,0
1472,1,0
1473,1,2
1474,1,2
1475,1,1
1476,1,1
1477,1,1
1478,1,1
1479,1,0
1480,1,0
1481,1,0
1482,1,1
1483,1,1
1484,1,1
1485,1,1
1486,1,1
1487,1,1
1488,1,1
1489,1,1
1490,1,1
1491,1,1
1492,1,1
1493,1,1
1494,1,1
1495,1,1
1496,1,1
1497,1,1
1498,1,1
1499,1,3
1500,1,1
1501,1,1
1502,1,1
1503,1,1
1504,1,1
1505,1,1
1506,1,1
1507,1,1
1508,1,1
1509,1,1
1510,1,1
1511,1,1
1512,1,1
1513,1,1
1514,1,1
1515,1,1
1516,1,1
1517,1,1
1518,1,1
1519,1,4
1520,1,1
1521,1,1
1522,1,1
1523,1,1
1524,1,0
1525,1,0
1526,1,0
1527,1,1
1528,1,1
1529,1,1
1530,1,1
1531,1,1
1532,1,1
1533,1,1
1534,1,1
1535,1,1
1536,1,1
1537,1,1
1538,1,1
1539,1,1
1540,1,1
1541,1,1
1542,1,1
1543,1,1
1544,1,1
1545,1,1
1546,1,1
1547,1,2
1548,1,1
1549,1,1
1550,1,1
1551,1,1
1552,1,1
1553,1,1
1554,1,1
1555,1,1
1556,1,1
1557,1,1
1558,1,1
1559,1,1
1560,1,1
1561,1,1
1562,1,1
1563,1,1
1564,1,1
1565,1,1
1566,1,0
1567,1,0
1568,1,0
1569,1,0
1570,1,0
1571,1,1
1572,1,1
1573,1,1
1574,1,2
1575,1,1
1576,1,1
1577,1,1
1578,1,1
1579,1,1
1580,1,1
1581,1,1
1582,1,0
1583,1,0
1584,1,0
1585,1,2
1586,1,1
1587,1,2
1588,1,4
1589,1,1
1590,1,0
1591,1,0
1592,1,1
1593,1,1
1594,1,1
1595,1,1
1596,1,2
1597,1,1
1598,1,1
1599,1,2
1600,1,2
1601,1,1
1602,1,1
1603,1,1
1604,1,1
1605,1,1
1606,1,1
1607,1,0
1608,1,0
1609,1,1
1610,1,2
1611,1,1
1612,1,1
1613,1,1
1614,1,2
1615,1,2
1616,1,1
1617,1,1
1618,1,1
1619,1,1
1620,1,1
1621,1,1
1622,1,2
1623,1,2
1624,1,1
1625,1,1
1626,1,1
1627,1,1
1628,1,1
1629,1,1
1630,1,1
1631,1,1
1632,1,1
1633,1,1
1634,1,1
1635,1,1
1636,1,1
1637,1,1
1638,1,1
1639,1,1
1640,1,1
1641,1,1
1642,1,1
1643,1,1
1644,1,1
1645,1,1
1646,1,1
1647,1,1
1648,1,1
1649,1,1
1650,1,1
1651,1,1
1652,1,1
1653,1,1
1654,1,1
1655,1,1
1656,1,1
1657,1,1
1658,1,1
1659,1,1
1660,1,1
1661,1,1
1662,1,1
1663,1,2
1664,1,1
1665,1,1
1666,1,1
1667,1,1
1668,1,0
1669,1,0
1670,1,1
1671,1,1
1672,1,1
1673,1,1
1674,1,0
1675,1,0
1676,1,1
1677,1,1
1678,1,1
1679,1,1
1680,1,1
1681,1,1
1682,1,1
1683,1,1
1684,1,1
1685,1,1
1686,1,1
1687,1,1
1688,1,1
1689,1,1
1690,1,1
1691,1,1
1692,1,2
1693,1,1
1694,1,1
1695,1,1
1696,1,1
1697,1,1
1698,1,1
1699,1,1
1700,1,1
1701,1,1
1702,1,1
1703,1,2
1704,1,1
1705,1,1
1706,1,1
1707,1,3
1708,1,4
1709,1,4
1710,1,4
1711,1,2
1712,1,1
1713,1,3
1714,1,3
1715,1,2
1716,1,1
1717,1,1
1718,1,1
1719,1,1
1720,1,1
1721,1,1
1722,1,4
1723,1,3
1724,1,2
1725,1,1
1726,1,1
1727,1,1
1728,1,1
1729,1,1
1730,1,1
1731,1,1
1732,1,1
1733,1,1
1734,1,1
1735,1,1
1736,1,1
1737,1,1
1738,1,1
1739,1,1
1740,1,1
1741,1,1
1742,1,1
1743,1,0
1744,1,0
1745,1,0
1746,1,0
1747,1,1
1748,1,1
1749,1,1
1750,1,1
1751,1,1
1752,1,1
1753,1,1
1754,1,1
1755,1,1
1756,1,1
1757,1,1
1758,1,1
1759,1,1
1760,1,1
1761,1,2
1762,1,1
1763,1,1
1764,1,1
1765,1,1
1766,1,1
1767,1,1
1768,1,1
1769,1,1
1770,1,1
1771,1,1
1772,1,1
1773,1,1
1774,1,1
1775,1,1
1776,1,1
1777,1,0
1778,1,0
1779,1,0
1780,1,0
1781,1,1
1782,1,1
1783,1,1
1784,1,1
1785,1,1
1786,1,1
1787,1,1
1788,1,1
1789,1,1
1790,1,1
1791,1,1
1792,1,1
1793,1,1
1794,1,1
1795,1,1
1796,1,1
1797,1,1
1798,1,2
1799,1,1
1800,1,3
1801,1,4
1802,1,2
1803,1,1
1804,1,1
1805,1,1
1806,1,1
1807,1,1
1808,1,1
1809,1,1
1810,1,1
1811,1,1
1812,1,1
1813,1,1
1814,1,3
1815,1,1
1816,1,2
1817,1,1
1818,1,1
1819,1,1
1820,1,1
1821,1,2
1822,1,1
1823,1,1
1824,1,1
1825,1,2
1826,1,1
1827,1,1
1828,1,1
1829,1,1
1830,1,1
1831,1,1
1832,1,1
1833,1,1
1834,1,1
1835,1,1
1836,1,1
1837,1,1
1838,1,1
1839,1,1
1840,1,1
1841,1,1
1842,1,1
1843,1,0
1844,1,0
1845,1,0
1846,1,0
1847,1,0
1848,1,0
1849,1,0
1850,1,1
1851,1,1
1852,1,1
1853,1,1
1854,1,1
1855,1,2
1856,1,1
1857,1,0
1858,1,0
1859,1,1
1860,1,1
1861,1,1
1862,1,1
1863,1,0
1864,1,0
1865,1,1
1866,1,1
1867,1,1
1868,1,1
1869,1,1
1870,1,1
1871,1,1
1872,1,1
1873,1,1
1874,1,1
1875,1,1
1876,1,1
1877,1,1
1878,1,0
1879,1,0
1880,1,0
1881,1,0
1882,1,0
1883,1,0
1884,1,1
1885,1,1
1886,1,1
1887,1,1
1888,1,1
1889,1,1
1890,1,1
1891,1,1
1892,1,1
1893,1,1
1894,1,1
1895,1,1
1896,1,1
1897,1,1
1898,1,0
1899,1,0
1900,1,0
1901,1,1
1902,1,1
1903,1,1
1904,1,1
1905,1,1
1906,1,1
1907,1,1
1908,1,1
1909,1,1
1910,1,1
1911,1,1
1912,1,1
1913,1,0
1914,1,0
1915,1,1
1916,1,1
1917,1,2
1918,1,1
1919,1,1
1920,1,1
1921,1,0
1922,1,0
1923,1,0
1924,1,0
1925,1,1
1926,1,1
1927,1,1
1928,1,1
1929,1,1
1930,1,0
1931,1,0
1932,1,1
1933,1,1
1934,1,1
1935,1,1
1936,1,1
1937,1,1
1938,1,1
1939,1,1
1940,1,1
1941,1,1
1942,1,1
1943,1,1
1944,1,1
1945,1,1
1946,1,1
1947,1,2
1948,1,3
1949,1,1
1950,1,4
1951,1,1
1952,1,1
1953,1,1
1954,1,1
1955,1,1
1956,1,1
1957,1,1
1958,1,1
1959,1,1
1960,1,1
1961,1,1
1962,1,1
1963,1,1
1964,1,1
1965,1,0
1966,1,0
1967,1,0
1968,1,1
1969,1,1
1970,1,1
1971,1,1
1972,1,1
1973,1,1
1974,1,1
1975,1,1
1976,1,1
1977,1,1
1978,1,1
1979,1,1
1980,1,1
1981,1,1
1982,1,1
1983,1,1
1984,1,1
1985,1,1
1986,1,1
1987,1,1
1988,1,0
1989,1,0
1990,1,0
1991,1,1
1992,1,1
1993,1,1
1994,1,1
1995,1,1
1996,1,1
1997,1,1
1998,1,1
1999,1,1
2000,1,1
2001,1,1
2002,1,1
2003,1,1
2004,1,1
2005,1,1
2006,1,2
2007,1,1
2008,1,1
2009,1,1
2010,1,1
2011,1,1
2012,1,1
2013,1,1
2014,1,1
2015,1,1
2016,1,1
2017,1,1
2018,1,1
2019,1,1
2020,1,1
2021,1,1
2022,1,1
2023,1,1
2024,1,1
2025,1,1
2026,1,1
2027,1,1
2028,1,1
2029,1,1
2030,1,1
2031,1,1
2032,1,1
2033,1,1
2034,1,3
2035,1,3
2036,1,1
2037,1,1
2038,1,1
2039,1,1
2040,1,1
2041,1,1
2042,1,1
2043,1,1
2044,1,2
2045,1,1
2046,1,1
2047,1,1
2048,1,1
2049,1,1
2050,1,1
2051,1,1
2052,1,1
2053,1,1
2054,1,1
2055,1,1
2056,1,1
2057,1,1
2058,1,1
2059,1,1
2060,1,1
2061,1,1
2062,1,3
2063,1,1
2064,1,1
2065,1,1
2066,1,1
2067,1,1
2068,1,1
2069,1,1
2070,1,0
2071,1,0
2072,1,1
2073,1,1
2074,1,4
2075,1,2
2076,1,1
2077,1,1
2078,1,1
2079,1,0
2080,1,0
2081,1,1
2082,1,1
2083,1,0
2084,1,0
2085,1,0
2086,1,0
2087,1,1
2088,1,1
2089,1,1
2090,1,1
2091,1,1
2092,1,1
2093,1,1
2094,1,1
2095,1,1
2096,1,1
2097,1,0
2098,1,0
2099,1,0
2100,1,1
2101,1,1
2102,1,1
2103,1,1
2104,1,2
2105,1,1
2106,1,1
2107,1,1
2108,1,1
2109,1,1
2110,1,1
2111,1,1
2112,1,1
2113,1,1
2114,1,1
2115,1,1
2116,1,2
2117,1,2
2118,1,1
2119,1,2
2120,1,1
2121,1,1
2122,1,1
2123,1,1
2124,1,1
2125,1,1
2126,1,1
2127,1,1
2128,1,2
2129,1,1
2130,1,4
2131,1,1
2132,1,1
2133,1,0
2134,1,0
2135,1,0
2136,1,0
2137,1,0
2138,1,1
2139,1,1
2140,1,2
2141,1,1
2142,1,1
2143,1,1
2144,1,1
2145,1,1
2146,1,1
2147,1,2
2148,1,1
2149,1,1
2150,1,1
2151,1,2
2152,1,1
2153,1,1
2154,1,2
2155,1,0
2156,1,0
2157,1,0
2158,1,0
2159,1,1
2160,1,1
2161,1,2
2162,1,1
2163,1,1
2164,1,1
2165,1,1
2166,1,1
2167,1,1
2168,1,1
2169,1,1
2170,1,1
2171,1,1
2172,1,1
2173,1,1
2174,1,1
2175,1,1
2176,1,1
2177,1,1
2178,1,1
2179,1,2
2180,1,2
2181,1,1
2182,1,2
2183,1,2
2184,1,1
2185,1,1
2186,1,2
2187,1,1
2188,1,1
2189,1,1
2190,1,1
2191,1,1
2192,1,1
2193,1,2
2194,1,1
2195,1,1
2196,1,1
2197,1,1
2198,1,1
2199,1,1
2200,1,1
2201,1,1
2202,1,1
2203,1,1
2204,1,1
2205,1,1
2206,1,1
2207,1,1
2208,1,1
2209,1,2
2210,1,2
2211,1,1
2212,1,1
2213,1,2
2214,1,2
2215,1,1
2216,1,0
2217,1,0
2218,1,1
2219,1,2
2220,1,1
2221,1,1
2222,1,1
2223,1,1
2224,1,1
2225,1,2
2226,1,1
2227,1,1
2228,1,1
2229,1,1
2230,1,0
2231,1,0
2232,1,0
2233,1,0
2234,1,1
2235,1,1
2236,1,1
2237,1,1
2238,1,1
2239,1,1
2240,1,1
2241,1,1
2242,1,1
2243,1,1
2244,1,1
2245,1,1
2246,1,1
2247,1,1
2248,1,1
2249,1,1
2250,1,1
2251,1,1
2252,1,1
2253,1,1
2254,1,1
2255,1,1
2256,1,4
2257,1,2
2258,1,2
2259,1,2
2260,1,2
2261,1,4
2262,1,1
2263,1,1
2264,1,1
2265,1,1
2266,1,1
2267,1,1
2268,1,1
2269,1,0
2270,1,0
2271,1,0
2272,1,1
2273,1,1
2274,1,1
2275,1,1
2276,1,1
2277,1,1
2278,1,1
2279,1,1
2280,1,0
2281,1,0
2282,1,1
2283,1,1
2284,1,1
2285,1,1
2286,1,1
2287,1,1
2288,1,1
2289,1,1
2290,1,1
2291,1,1
2292,1,1
2293,1,1
2294,1,1
2295,1,1
2296,1,1
2297,1,1
2298,1,1
2299,1,1
2300,1,1
2301,1,1
2302,1,1
2303,1,1
2304,1,0
2305,1,0
2306,1,0
2307,1,2
2308,1,3
2309,1,4
2310,1,1
2311,1,1
2312,1,1
2313,1,1
2314,1,0
2315,1,0
2316,1,0
2317,1,4
2318,1,2
2319,1,2
2320,1,2
2321,1,1
2322,1,1
2323,1,1
2324,1,1
2325,1,1
2326,1,1
2327,1,1
2328,1,1
2329,1,1
2330,1,1
2331,1,1
2332,1,1
2333,1,1
2334,1,1
2335,1,1
2336,1,1
2337,1,3
2338,1,4
2339,1,4
2340,1,3
2341,1,3
2342,1,1
2343,1,1
2344,1,1
2345,1,1
2346,1,1
2347,1,1
2348,1,1
2349,1,1
2350,1,1
2351,1,1
2352,1,1
2353,1,2
2354,1,2
2355,1,1
2356,1,1
2357,1,1
2358,1,1
2359,1,1
2360,1,2
2361,1,1
2362,1,2
2363,1,1
2364,1,1
2365,1,1
2366,1,1
2367,1,1
2368,1,1
2369,1,1
2370,1,1
2371,1,0
2372,1,0
2373,1,0
2374,1,1
2375,1,1
2376,1,1
2377,1,1
2378,1,1
2379,1,1
2380,1,1
2381,1,1
2382,1,1
2383,1,1
2384,1,2
2385,1,1
2386,1,1
2387,1,1
2388,1,1
2389,1,1
2390,1,1
2391,1,1
2392,1,1
2393,1,2
2394,1,1
2395,1,1
2396,1,1
2397,1,1
2398,1,1
2399,1,1
2400,1,1
2401,1,1
2402,1,1
2403,1,1
2404,1,1
2405,1,1
2406,1,1
2407,1,1
2408,1,0
2409,1,0
2410,1,2
2411,1,1
2412,1,1
2413,1,2
2414,1,1
2415,1,1
2416,1,1
2417,1,1
2418,1,1
2419,1,1
2420,1,1
2421,1,1
2422,1,1
2423,1,1
2424,1,1
2425,1,1
2426,1,1
2427,1,1
2428,1,1
2429,1,1
2430,1,3
2431,1,1
2432,1,0
2433,1,0
2434,1,0
2435,1,0
2436,1,0
2437,1,0
2438,1,0
2439,1,1
2440,1,1
2441,1,1
2442,1,1
2443,1,1
2444,1,1
2445,1,1
2446,1,1
2447,1,1
2448,1,1
2449,1,1
2450,1,1
2451,1,1
2452,1,1
2453,1,1
2454,1,1
2455,1,1
2456,1,1
2457,1,1
2458,1,1
2459,1,1
2460,1,1
2461,1,1
2462,1,1
2463,1,1
2464,1,1
2465,1,1
2466,1,1
2467,1,1
2468,1,1
2469,1,1
2470,1,1
2471,1,1
2472,1,1
2473,1,1
